,PC1,PC2,PC3,PC4,PC5,PC6,PC7,PC8
price_range_numeric,-0.3948056163680803,0.1497320152496038,0.4495095575631076,-0.37705202034404756,-0.2780532550145887,-0.028410098178396792,-0.5842271658283651,-0.24091420238924413
camera_quality,0.35870367343253107,0.5472199698347212,0.06802625804184492,0.009834630642756415,0.31133412116565434,-0.5322676822215381,-0.0001709710627094685,-0.43234226923406033
battery_life,-0.3463434209550668,-0.3838282055641788,0.43698333201693207,-0.0675889361924566,0.05903499268993993,-0.358708203712108,0.5964335469851899,-0.22205802141933945
user_rating,-0.34362955243378446,0.3039234410857772,0.09515253317271181,-0.30060608134204925,0.7187617944555872,0.24212093426235964,0.08855160046833185,0.3271831322380995
recommendation_score,0.5250310642371675,0.04760325090561138,0.5819411904415371,-0.1785583869353975,-0.15946571171647583,-0.07583893775415415,0.06827675589569601,0.5618675042420214
sentiment_score,0.4280369039446812,-0.4473724976067498,0.2048517751890812,-0.16872156667565127,0.3723469321763771,0.4313002716336368,-0.1518811586948286,-0.44551205573817354
community_engagement,-0.12512158984461977,-0.1975145844426407,0.2965101508544091,0.7186183924667646,0.32135191789128376,-0.18734935137205874,-0.41623418678894947,0.17141814458273763
discussion_heat,-0.05381954670674394,0.4438657979796463,0.3532238388842166,0.4313239095635293,-0.19574268465533232,0.5492891864174119,0.3067959053641872,-0.23478006303664492
